500 5 500
6 64 5
4 5 1
11 23 6
18 31 3
31 10 9
11 42 1
24 57 9
8 15 10
38 51 4
19 24 7
26 46 3
26 60 3
26 25 9
31 59 2
11 69 7
8 11 5
19 3 9
34 66 10
10 4 6
7 80 9
11 72 8
27 22 8
25 5 5
29 32 10
16 15 10
9 27 6
40 67 8
4 56 7
4 37 8
14 23 3
11 33 9
21 49 1
17 33 6
35 52 4
27 63 2
8 64 9
29 55 7
16 71 1
39 44 1
14 46 8
25 47 8
9 62 3
24 27 8
22 44 8
1 4 5
24 75 4
23 23 9
24 20 10
26 12 9
6 36 10
40 53 10
4 48 3
7 76 4
7 6 2
19 60 7
24 75 8
1 24 7
9 12 8
29 69 2
36 9 1
17 75 5
19 3 5
26 3 10
7 55 6
39 60 10
6 26 7
9 2 1
38 66 3
40 75 8
5 11 1
29 16 2
40 72 2
26 31 10
5 61 7
31 77 7
12 16 4
38 16 3
11 37 1
37 34 10
30 42 10
33 51 4
17 64 3
31 52 9
13 38 10
11 74 1
15 33 1
15 70 2
36 69 6
36 72 1
34 58 2
31 80 10
26 49 2
17 7 9
31 44 5
31 66 6
27 30 7
9 40 6
36 15 2
21 71 4
4 13 2
16 14 10
3 64 8
10 43 5
8 4 2
40 58 8
30 12 8
29 59 6
12 47 10
18 37 3
1 1 2
35 79 7
3 36 9
16 80 3
27 79 7
17 25 4
2 73 3
16 12 2
20 17 3
15 11 6
1 37 3
8 73 10
37 45 10
4 59 9
23 73 10
12 47 3
17 12 3
1 39 1
11 77 8
15 31 7
37 42 9
7 71 9
10 9 10
4 40 8
17 28 7
23 21 9
37 10 9
12 10 7
4 69 4
36 14 4
22 1 5
21 27 5
34 70 7
26 21 9
15 42 3
7 27 8
13 40 4
6 29 6
26 17 7
14 40 1
6 27 2
34 20 6
39 51 10
30 17 9
9 76 10
22 63 8
33 55 10
17 44 6
1 41 8
40 41 4
38 12 9
33 72 9
18 68 6
7 9 5
32 15 4
29 17 8
31 8 7
34 70 8
22 18 7
6 21 5
16 29 3
27 44 10
26 78 3
31 9 7
21 45 5
19 29 7
34 36 1
14 44 1
7 53 4
28 39 3
31 70 5
20 55 10
35 10 1
40 25 9
23 40 10
37 26 7
38 65 10
21 3 9
33 5 9
24 39 2
33 12 4
4 32 2
3 19 5
30 59 8
26 52 3
37 53 5
21 6 3
3 64 8
30 11 6
5 72 5
5 5 5
13 68 6
9 31 4
3 64 10
40 30 9
39 25 8
18 62 4
37 62 3
28 10 4
28 10 9
16 76 5
12 16 1
8 48 4
3 17 9
21 52 7
26 80 3
23 74 6
22 42 7
5 1 8
23 64 4
15 10 10
19 54 1
38 76 10
6 53 1
4 58 2
7 47 7
22 20 3
34 52 7
3 22 6
21 63 4
30 63 1
39 48 2
16 42 9
18 32 7
32 65 5
26 48 6
16 58 5
6 2 8
26 16 3
16 17 5
37 37 9
9 47 10
16 21 8
31 15 8
20 24 1
3 30 5
12 3 4
14 20 9
31 35 10
33 58 8
30 23 5
13 61 2
10 62 2
16 50 3
18 35 10
20 15 10
39 58 3
28 30 8
21 42 3
5 14 1
17 7 1
5 69 5
21 73 7
8 56 2
33 40 10
21 31 3
28 76 7
26 52 7
18 24 3
27 27 3
28 28 1
4 45 9
21 75 9
23 1 6
16 42 5
20 29 6
37 36 1
11 70 4
31 12 9
14 10 10
1 42 9
14 67 3
8 41 7
16 18 8
4 9 4
32 35 10
12 22 5
8 23 10
37 10 5
28 62 1
39 30 5
6 41 2
22 33 10
24 41 10
6 36 8
17 55 4
30 26 9
37 26 9
30 8 8
10 4 10
14 66 4
8 78 4
24 10 8
1 75 5
20 54 4
4 10 5
23 65 3
19 17 9
26 30 4
13 65 8
6 74 2
33 76 2
20 23 1
12 75 5
27 32 9
15 56 6
20 68 9
11 49 2
29 80 9
9 20 5
15 34 5
32 9 3
21 10 8
21 64 9
36 61 1
9 21 9
38 54 5
32 6 4
24 37 7
12 57 3
13 28 7
10 9 6
12 47 2
18 17 6
8 65 7
24 34 5
34 29 10
33 16 6
6 66 5
5 51 1
34 14 1
22 23 2
26 3 7
39 66 4
32 19 8
12 43 3
32 52 3
2 22 3
10 22 3
8 4 9
4 7 9
7 31 10
3 26 2
23 37 2
6 68 4
11 72 5
25 2 2
38 31 4
7 24 8
31 77 7
32 66 5
15 52 5
1 17 2
26 59 2
19 56 5
36 46 7
17 11 4
24 58 4
23 56 6
29 76 8
36 39 1
40 44 2
6 10 1
33 48 5
27 48 10
24 35 2
5 20 1
6 27 8
22 44 4
33 5 10
37 54 5
32 68 1
10 52 3
35 79 4
26 58 7
3 75 1
11 52 1
6 11 6
23 55 2
8 64 1
33 66 7
13 18 2
20 26 7
17 51 1
11 15 5
10 1 2
21 3 9
28 27 3
29 61 6
33 76 7
34 32 2
25 38 5
33 54 1
38 19 10
39 59 5
20 52 1
31 56 3
29 55 9
2 20 5
17 51 4
38 65 4
29 44 9
39 62 4
18 40 4
38 63 10
35 77 5
12 27 7
2 67 10
27 4 3
16 65 3
12 55 9
38 33 5
27 11 8
26 31 8
13 4 8
24 78 5
18 77 6
19 35 4
40 74 9
35 49 1
35 18 7
3 79 5
37 11 9
37 7 7
22 56 7
38 49 10
19 42 6
32 59 10
1 52 10
29 55 2
33 42 5
6 59 7
7 43 3
13 20 2
14 38 5
16 42 10
25 63 2
17 16 6
25 51 3
29 21 3
23 26 10
40 17 9
33 7 4
18 8 9
37 60 8
14 12 3
27 24 4
5 77 10
23 20 9
36 26 7
30 52 3
17 40 9
36 16 8
38 76 4
38 51 6
1 5 2
35 20 9
24 13 5
11 78 7
21 12 4
14 12 6
16 27 5
24 30 8
13 75 9
1 17 2
24 4 10
28 36 3
24 17 8
34 13 3
36 16 3
17 28 9
11 74 1
38 63 10
6 3 4
30 16 7
26 62 4
8 61 1
18 32 3
22 14 7
16 24 8
1 12 1
36 61 6
21 73 2
13 56 1
39 48 2
35 58 1
23 15 8
36 25 7
15 67 6
28 64 10
31 47 1
