70 2 85
36 43 5
7 63 2
2 72 6
30 6 4
38 36 5
10 80 4
13 55 10
22 25 4
3 78 7
14 3 6
8 56 2
38 25 8
11 17 4
24 28 1
17 50 1
39 44 6
9 22 9
7 58 6
1 11 7
1 38 6
3 17 5
27 11 8
32 61 9
36 15 9
15 34 5
14 4 5
31 71 10
35 50 1
13 26 1
15 46 7
13 36 10
5 21 10
39 78 1
2 79 3
18 14 1
19 29 2
34 61 6
9 14 6
20 16 3
17 77 9
2 33 2
25 53 1
36 62 5
20 3 5
24 54 2
21 69 3
22 70 3
15 50 2
19 77 10
10 28 3
2 34 2
22 14 1
40 32 4
23 6 2
31 68 9
14 74 3
18 51 6
34 53 1
17 64 5
18 33 7
24 62 4
2 32 2
15 71 1
38 40 3
26 28 4
32 61 2
31 57 10
25 63 8
26 34 1
20 80 4
