80 2 95
38 29 10
4 48 8
7 44 10
39 14 10
20 77 7
5 1 7
4 35 8
26 31 10
22 11 10
4 25 10
35 15 6
28 12 1
5 12 10
10 72 7
10 44 4
35 19 5
3 48 6
33 15 6
8 34 9
34 19 8
31 51 8
40 73 7
36 39 5
39 30 8
10 52 8
12 30 1
24 54 6
11 42 10
31 6 5
15 56 2
20 18 2
14 27 9
3 73 6
16 19 5
28 42 4
39 66 6
18 23 5
22 54 7
1 26 6
29 19 10
13 30 5
36 69 4
33 22 10
15 73 5
20 49 7
36 66 10
13 71 2
36 42 7
31 45 9
5 6 6
5 17 4
3 73 6
36 14 3
2 67 2
38 11 10
24 15 5
32 30 4
17 6 8
22 12 2
20 57 1
6 65 10
23 79 2
5 22 1
11 32 6
24 34 8
4 65 5
36 37 3
26 27 5
24 44 6
27 56 9
2 37 10
16 68 3
21 73 9
30 45 5
2 22 2
40 13 3
5 43 5
36 25 1
22 15 10
7 64 5
