90 2 100
25 73 7
34 54 2
25 24 5
33 69 4
28 47 6
10 6 10
6 66 1
10 80 3
27 61 5
18 37 5
37 62 3
2 64 8
8 46 3
36 38 1
11 11 5
12 28 5
32 78 1
11 31 5
19 3 1
5 29 7
2 15 6
23 42 10
24 67 2
8 70 5
30 47 7
16 45 2
31 10 2
11 67 9
19 27 9
3 74 2
39 2 2
34 66 8
28 66 10
37 70 5
9 49 10
14 20 4
35 9 1
2 27 2
6 47 3
37 16 6
10 65 9
36 76 5
37 37 8
32 43 4
33 58 1
11 13 2
31 57 3
24 10 9
36 70 8
32 64 3
25 28 8
29 5 1
33 46 3
26 14 10
40 15 3
3 58 8
4 68 8
13 26 8
18 25 3
21 37 6
9 61 8
5 37 8
33 41 10
14 34 1
36 12 9
6 34 10
23 75 3
3 30 1
11 62 1
8 40 8
9 29 3
26 49 9
16 10 10
37 58 6
4 14 7
25 13 9
39 36 10
2 23 7
17 43 7
6 68 1
34 21 2
7 49 1
32 41 6
2 76 5
6 11 4
23 62 3
22 17 10
35 35 3
4 50 2
37 49 9
